4 0.5345059296875 0.56806311328125 0.54625296484375 0.712409537109375 0.558 0.79581066015625 0.56342134375 0.92732819140625 0.56748774609375 0.97385413671875 0.56748774609375 0.998597474609375 0.6366126484375 0.998597474609375 0.6266727265625 0.92732819140625 0.617637154296875 0.850342216796875 0.605890119140625 0.739676017578125 0.58872173828125 0.624197755859375 0.582630830078125 0.5526619921875 0.55167430859375 0.34352173828125 0.5290845859375 0.163889201171875 0.505139921875 0 0.45589328125 0.001402525390625 0.48571225390625 0.16870126171875 0.5191446640625 0.406072931640625 0.5345059296875 0.56806311328125
4 0.677339921875 0 0.664690119140625 0.12561290234375 0.654750197265625 0.273168302734375 0.63938893359375 0.489688638671875 0.631290908203125 0.61357783984375 0.623124111328125 0.6773408125 0.614088537109375 0.79121598828125 0.630353359375 0.893862552734375 0.642966359375 0.997803802734375 0.695411857421875 0.998113603515625 0.702641107421875 0.978866759765625 0.7035446640625 0.86499298828125 0.693264822265625 0.71194530078125 0.7008339921875 0.627621318359375 0.702641107421875 0.396664796875 0.7143873515625 0.15448246875 0.727941501953125 0 0.677339921875 0
3 0.827271146484375 0.6620266484375 0.858897232421875 0.6003408125 0.88188774609375 0.557465638671875 0.8751620546875 0.489674615234375 0.8616086953125 0.451182328125 0.83450039453125 0.42391584765625 0.79514229296875 0.43717671875 0.765826876953125 0.465617111328125 0.7549833984375 0.501640953125 0.73962292578125 0.5962678828125 0.743637154296875 0.6777559609375 0.772552568359375 0.67454838671875 0.798356521484375 0.709403927734375 0.827271146484375 0.6620266484375
4 0.816835572265625 0.927070126953125 0.852068775390625 0.8124796640625 0.901766798828125 0.70181346484375 0.95236837890625 0.621619916015625 0.98524901171875 0.5694796640625 0.999209486328125 0.5483380078125 0.999209486328125 0.4650911640625 0.92074229296875 0.586335203125 0.85897628515625 0.689687236328125 0.81654308203125 0.765664796875 0.785373912109375 0.839283310546875 0.763516205078125 0.89427769921875 0.752069564453125 0.917159888671875 0.734575494140625 0.9409438984375 0.7368086953125 0.956799439453125 0.734203162109375 0.9786030859375 0.732714625 0.998597474609375 0.8093913046875 0.998597474609375 0.81050830078125 0.96472791015625 0.816835572265625 0.927070126953125
4 0.316260869140625 0 0.346652173828125 0.055994390625 0.38300237109375 0.14272791015625 0.4247154140625 0.25484572265625 0.44497628515625 0.314077138671875 0.454510671875 0.34520757421875 0.471792884765625 0.40136886328125 0.493245849609375 0.474352033203125 0.515890119140625 0.5822384296875 0.530192095703125 0.652049087890625 0.5437486171875 0.694624123046875 0.512909880859375 0.4043408125 0.467620552734375 0.260134642578125 0.420547826171875 0.1310378671875 0.379426876953125 0.03272510546875 0.362741501953125 0 0.316260869140625 0
4 0.560394466796875 0 0.56694940625 0.08496353515625 0.577675888671875 0.25208415234375 0.582399208984375 0.382131837890625 0.61045059375 0.48478120703125 0.615217390625 0.523917251953125 0.626539921875 0.540840111328125 0.63726640234375 0.51333941015625 0.6450126484375 0.3800673203125 0.633094861328125 0.275353435546875 0.62058102734375 0.132561009765625 0.60568300390625 0 0.560394466796875 0
4 0.770773912109375 0 0.745746244140625 0.113523142578125 0.721909880859375 0.245737728515625 0.7101233203125 0.345436185546875 0.705224505859375 0.4477615703125 0.7050766796875 0.62078962109375 0.7050766796875 0.68530995703125 0.7378513828125 0.683194951171875 0.735747826171875 0.629852734375 0.737999208984375 0.59055259375 0.749173912109375 0.518190744140625 0.756920158203125 0.48857503515625 0.770177865234375 0.341990181640625 0.789974703125 0.2142791015625 0.79712569140625 0.156105189453125 0.823941501953125 0 0.770773912109375 0
4 0.914792884765625 0 0.898703556640625 0.0476676015625 0.850434783203125 0.20315147265625 0.812892490234375 0.3279621328125 0.784289328125 0.444311361328125 0.80991304296875 0.4273885 0.833153359375 0.422099580078125 0.848647431640625 0.341712482421875 0.87069565234375 0.252865357421875 0.8963193671875 0.161900419921875 0.928498814453125 0.06036044921875 0.94935494140625 0 0.914792884765625 0
3 0.443020552734375 0.5237265078125 0.456130435546875 0.519496494140625 0.465069564453125 0.52478401171875 0.481158892578125 0.487764375 0.490097232421875 0.46661009765625 0.47043241015625 0.40420476953125 0.45315098828125 0.43487798046875 0.446 0.470841515625 0.445403953125 0.49939971875 0.443020552734375 0.5237265078125
4 0.845365216796875 0.63157223046875 0.790541501953125 0.7309971953125 0.79232964453125 0.7648443203125 0.8108126484375 0.77530575 0.85668695703125 0.689746142578125 0.89662292578125 0.615590462890625 0.933569169921875 0.551070126953125 0.96931304296875 0.488779802734375 0.999209486328125 0.447528751953125 0.999209486328125 0.367143056640625 0.952041896484375 0.4410673203125 0.900784189453125 0.524741935546875 0.845365216796875 0.63157223046875
4 0.322464822265625 0.318582046875 0.282486166015625 0.268158484375 0.24859762890625 0.232927068359375 0.21003162109375 0.1873885 0.15571225390625 0.13841935546875 0.1341059296875 0.115847125 0.080628458984375 0.0580322578125 0.07824426953125 0.073899017578125 0.07705296484375 0.089764375 0.113403162109375 0.120171107421875 0.157346244140625 0.165559607421875 0.210083794921875 0.22717671875 0.264311462890625 0.29381346484375 0.31675098828125 0.373141654296875 0.357386560546875 0.442350630859375 0.395524111328125 0.511102384765625 0.410422134765625 0.5608148671875 0.4241280625 0.597834501953125 0.473588142578125 0.704664796875 0.490617390625 0.725375876953125 0.443792884765625 0.576680224609375 0.444732806640625 0.549793828125 0.440561265625 0.5296970546875 0.422413439453125 0.499886396484375 0.3993486171875 0.45309817578125 0.35161106640625 0.362294529296875 0.322464822265625 0.318582046875
4 0 0.0663885 0.1153446640625 0.192256662109375 0.216648220703125 0.323413744140625 0.309014228515625 0.459859748046875 0.3665193671875 0.557385693359375 0.408939130859375 0.638647966796875 0.447673517578125 0.726438990234375 0.454517787109375 0.753412341796875 0.479256126953125 0.825863955078125 0.479852173828125 0.872403927734375 0.482235572265625 0.912597474609375 0.486696443359375 0.93533941015625 0.495635572265625 0.96072510546875 0.51232094921875 0.967071529296875 0.52900632421875 0.939570828125 0.52931225390625 0.860768583984375 0.517394466796875 0.805767181640625 0.49713359765625 0.75605469921875 0.478660078125 0.716918654296875 0.454824505859375 0.66403366015625 0.430988142578125 0.616436185546875 0.379629248046875 0.525654978515625 0.3233154140625 0.43235764453125 0.26432094921875 0.34033660546875 0.195196046875 0.245141654296875 0.10640632421875 0.135140251953125 0 0.023021037109375 0 0.0663885